34
185.1 4.04991 2.72066 -7.53126 7.88501 9.10756 7.44472 6.70776 -7.40133 -4.92823 1.97308 5.80533 1.24188 -4.30009 -3.84688 1.50278 1.03586 -9.58913 -9.52692 -8.10119 -6.04833 1.9482 8.92191 3.08458 8.4527 -9.72765 4.35497 -0.953662 6.15186 -8.05056 -1.98717 -4.65074 5.99925 -9.26641 
3.88436 -196.77 -4.73728 0.592222 -7.56017 0.334391 -7.4346 8.24506 -8.42363 -1.73479 -5.60172 3.07906 9.30097 -5.19095 3.55203 -8.80012 -1.23937 -4.49966 -9.87811 -8.15469 -6.04687 -9.60586 6.20018 2.99937 6.5459 8.14952 -8.9877 -8.10474 4.14888 -8.25421 -0.286939 -1.96666 -8.41305 4.97568 
-5.97333 -4.68982 186.538 -7.72817 -3.11355 -0.543921 -3.32999 9.9654 -1.24285 1.47896 3.51754 -0.0430645 -9.76031 9.01777 0.0787303 -7.9151 -7.029 0.472775 8.28498 5.97028 -2.98122 6.43461 6.98248 -1.08606 0.583583 8.72817 8.6269 8.61682 -9.68479 3.60269 7.24239 -5.65821 8.91276 8.43325 
-4.20069 -2.11057 3.28343 176.185 6.64648 -5.23751 9.28225 -3.39648 -4.99792 8.30012 6.68215 -2.91312 -8.72878 -2.84497 -4.62804 7.2414 4.1737 -8.19333 4.22397 -6.91225 2.39015 2.95224 -8.28525 1.00707 3.26736 5.31734 -1.75044 7.60904 4.2302 -3.31709 -5.77734 -9.97039 4.57224 7.50598 
1.21882 -7.73143 -4.92333 7.82224 -201 -6.62311 4.50449 4.35733 -5.35199 -8.34038 9.72919 -8.11049 5.83322 -8.46404 6.11339 8.92087 3.926 -0.934272 -9.36428 -5.06682 -7.66682 5.95295 3.18263 9.94213 0.183253 9.86544 -5.83511 0.212761 4.43778 -8.32903 6.00698 -4.34329 -6.06056 -8.91625 
1.2099 -5.53946 7.98345 -4.43267 -0.891543 182.643 -4.70338 0.997869 5.47629 -3.16753 -2.88864 4.39726 -9.24142 6.17698 5.03288 -4.30834 8.51007 0.985932 8.87419 8.45229 -8.83071 8.73973 -7.38272 1.38195 3.17762 -5.71185 -2.61097 8.83423 -1.77251 -1.52732 -7.68662 9.43729 2.93313 -9.70307 
-7.95832 9.93979 0.301232 3.03945 5.41618 7.13361 190.276 -0.186459 7.89209 6.32779 -5.15348 -6.41616 4.83796 5.83235 -7.54187 3.29035 7.00154 -8.80203 5.90753 -1.61642 4.37548 -9.80422 5.77251 3.20981 -1.57683 -5.75471 5.52309 -2.13944 7.17832 5.81992 2.86518 9.21991 5.75981 -6.83349 
1.17609 -9.69978 2.41027 -9.01027 8.1922 -1.26184 -4.16385 180.889 -6.42378 -8.3314 -5.76583 6.86648 8.67004 -4.56796 2.77411 -2.94628 9.80743 2.96979 -7.17367 3.01734 -8.60693 -2.92847 -1.45947 -0.746468 -5.75005 -5.63946 -7.88119 -6.53005 -9.87955 -4.71478 5.72931 1.29644 -4.41466 -1.86032 
-6.22236 6.87774 8.12212 -4.44632 -9.54593 9.79062 -0.212245 7.32044 193.561 5.2197 0.0946539 -4.48542 5.02722 -6.93545 -1.65919 -1.95534 -5.54248 5.41224 6.58508 3.71095 9.66209 -9.05427 5.82966 -6.86786 -8.93393 -8.88502 8.86136 2.36241 -3.29979 -2.99886 -5.35141 0.477752 -6.12102 -7.22919 
-5.66705 -7.43847 -4.18081 -8.34651 -8.97761 -8.96102 1.74804 -3.46313 6.06611 177.908 4.87759 -5.88914 9.26991 0.289928 -9.30395 2.98096 -0.047882 -8.35833 -1.18928 3.08416 -7.29235 -0.074404 1.94562 5.06996 6.62571 8.94666 9.71845 -2.89644 -7.17426 -7.51065 -6.86501 -2.84141 -4.94922 -1.04592 
-3.92693 -0.00703553 -9.43988 2.60985 -3.94083 5.37251 -2.51247 0.169933 4.64252 7.77736 128.795 -2.37642 -2.27042 2.50745 6.4342 -9.18616 5.215 -3.64011 2.75936 0.285061 -7.0143 1.70612 0.00360755 0.0891664 4.53176 2.49286 3.22406 -8.30955 7.54354 -7.82176 0.502325 -6.38328 2.17111 1.06235 
8.23018 -3.56504 -6.2859 -1.59979 -8.92242 -8.50844 9.26599 -1.29894 -0.778954 1.77354 -4.86464 175.445 -3.01136 1.49516 -7.20575 7.2736 4.48076 4.50027 -2.72269 -5.42997 -0.967868 9.77007 7.79399 0.72248 7.31371 9.97213 -8.77509 -9.06947 2.14333 2.28715 7.1569 0.373607 8.72201 -9.1289 
9.79949 -7.63744 8.0398 -1.49935 1.58351 -0.186557 3.63591 -8.3816 6.80198 -4.86883 -5.58745 4.07568 -211.026 8.91272 -8.64691 -5.81805 -2.05504 -8.87674 -8.02396 8.66734 8.43687 -8.05173 9.89214 9.36731 4.0915 2.17939 6.5243 -5.53479 0.901503 7.3953 -6.76098 0.701094 9.75777 -8.72107 
1.34138 1.09227 2.83766 2.95968 -2.10565 7.96873 7.37213 -8.02986 7.58066 6.28495 -6.67687 -8.23729 -5.76999 189.145 -6.26135 -7.10256 -7.11674 -4.31318 -7.21031 -7.74933 9.77822 4.96898 8.77487 -5.75647 -4.12942 6.17028 -2.51755 6.57157 5.92815 -1.23872 5.77332 -2.73037 9.85344 -1.38892 
-2.2521 -3.42009 7.60143 -0.282067 -5.83933 3.88649 3.04096 -4.07672 8.1164 7.48715 -0.33817 -8.98606 -9.62949 5.34855 -202.375 -7.37892 5.12687 8.7724 -8.60395 9.3703 -5.35692 7.56623 -3.14715 -8.78524 3.49448 5.61402 6.98798 -9.2358 5.46757 -4.40084 -9.00649 -6.78444 2.17897 8.59484 
6.33954 2.48143 -4.02554 -7.73709 0.597925 -6.53829 1.92464 1.61177 -6.16788 -2.72671 5.41519 -3.5469 -7.59974 4.1877 -2.15095 -191.885 8.83068 -4.58462 -1.3766 -9.95446 8.90976 -5.76248 7.03342 9.67386 9.70499 -7.36732 -9.33254 -7.07935 4.81155 9.26221 5.85395 1.15118 1.74373 -8.17149 
-7.65824 -4.70989 -4.66126 3.95343 -0.877868 2.61193 -0.631282 5.57513 5.01209 -6.44349 -6.57572 6.78265 -7.61271 -1.16044 -4.59385 -7.56727 -151.839 -0.356422 9.46605 -2.57662 -0.651332 -7.90118 -1.90926 2.26922 6.91027 -2.64695 -1.87673 -1.93845 9.09668 -0.0483219 -8.52436 -8.56146 5.24169 -3.18572 
-5.63608 9.42611 -5.23932 9.93895 4.4383 -1.6829 -6.63666 1.22105 0.704288 2.2028 6.6271 3.13692 9.95212 -3.72922 2.60306 -2.62441 5.61935 -178.904 5.46623 -2.11133 1.61215 -7.18062 6.01184 9.6736 -8.08384 -4.03638 -8.85066 -6.6454 -8.79459 -2.03648 8.74636 -4.43076 -2.61027 -6.49285 
-8.17187 1.82414 -1.12847 3.04908 -7.47147 -8.92558 -0.323717 5.66535 -8.97336 5.94696 -1.73149 -1.59787 1.56641 -7.0296 -6.13153 9.45498 4.58245 -3.31226 153.083 4.25616 -1.3962 -8.56935 5.4054 1.9583 -7.36404 -6.63098 0.704761 -1.7949 0.758655 4.21181 3.71329 2.58669 -3.96395 -7.41509 
-1.43552 -6.34076 5.31205 -5.77008 -5.31422 1.25911 2.49834 3.08781 -7.17437 5.46863 6.95618 -7.71929 0.0511873 -6.35598 7.74754 -5.69256 2.24772 9.17809 9.71274 159.537 -8.18585 -6.91813 4.91078 0.0191413 3.84042 -0.877309 -6.26747 -3.57279 5.15864 -3.68266 2.06298 -6.27679 -0.0235205 -2.62487 
4.66216 8.63414 -9.54853 -2.24993 -8.54013 5.92001 -5.29365 -6.25952 -4.02871 -1.64973 -8.51188 0.278637 -9.4019 -9.3337 -0.00851903 -5.19588 -7.51965 3.07325 9.71481 2.49939 167.803 -1.1624 6.23182 3.34088 -6.00366 -7.45074 -4.59604 -2.28055 2.52564 2.77898 5.67239 -2.8121 1.41322 6.12376 
2.87299 2.04387 9.64412 6.61337 8.01506 -2.0055 8.10138 -1.7062 -1.40751 8.76759 8.28518 3.39652 -8.75196 1.35853 3.11142 3.74733 8.2722 -8.05088 -0.0207539 1.61318 -4.05464 154.017 7.01703 3.66471 -4.94586 -0.203885 -0.662807 2.24194 -8.79056 -4.53895 -2.82009 4.08232 7.50482 -3.17587 
5.51998 4.81853 -1.20272 -6.18613 -6.58888 -2.43504 -7.90085 6.80754 -1.1871 3.45757 -0.080934 -7.43967 1.72987 1.86809 2.53948 -6.65685 7.81335 -4.93202 -9.63972 1.47815 0.122026 0.156298 -151.756 -7.63593 1.36563 -3.7236 -0.456119 -4.55194 -6.21868 6.36792 6.14375 9.30119 1.18654 -5.05887 
4.59757 2.50599 -4.78579 1.40521 -8.68101 8.67169 -8.67562 -6.12078 0.401659 3.19236 6.4186 3.74471 1.00581 -8.51332 4.10489 -7.51594 1.60861 -5.73871 -6.70059 3.97258 5.62682 -0.424294 -6.48344 175.633 3.35692 9.88437 7.21863 2.65821 1.07102 -7.84014 5.77328 -4.33131 4.66575 -9.01241 
5.98464 9.65918 8.39807 9.86377 0.0609345 1.59054 6.28247 -6.19426 -7.40355 7.76905 7.91053 -4.91959 -0.622246 -7.82808 -1.62028 -6.64957 7.79865 7.95532 -3.13311 8.87353 1.31234 -3.24864 6.09226 -6.02934 -210.818 8.25202 9.74383 -6.50894 2.91787 -9.26848 -9.43504 -1.09739 -9.60921 8.96293 
0.451629 0.55357 -4.95096 4.25727 3.14992 -7.18181 2.16791 8.23023 2.19584 4.33973 -3.38996 5.54617 2.13847 -5.43453 -7.58684 1.0121 5.87771 -0.835577 -2.89554 9.84827 -3.0132 -4.64342 9.5922 0.477765 8.27435 -156.435 1.04263 -2.82294 -9.28549 0.00565847 5.94344 1.16604 -9.44067 -9.00742 
3.70915 -6.18933 7.59122 1.93947 6.00641 1.93105 8.54942 1.55269 -5.93038 -6.88502 3.96575 5.08162 8.99259 -6.86973 -7.81382 8.84096 0.116974 -2.45734 8.43326 -9.40516 -4.18289 8.75697 1.63736 2.99407 9.47138 -8.35688 176.593 0.637525 -7.79765 -0.0699204 6.06084 5.9114 3.74065 3.65216 
-0.252839 -4.4167 -3.59951 -8.70005 -0.347177 -0.484631 5.2656 -5.26546 -1.49194 8.39577 -3.07937 -2.65088 -1.48715 4.46319 -4.21752 -0.892416 -9.7196 -5.46045 -9.25495 3.27436 -5.98897 -7.61193 -7.78794 4.64846 -5.40968 2.14204 0.709396 -148.357 -4.11721 -5.63835 -1.64731 5.62985 -0.0551457 4.75307 
9.59758 -5.73146 2.1954 -5.66778 2.77651 0.591272 1.25275 -9.87427 9.10402 -4.28397 -4.09189 -1.7883 -4.00367 0.447557 -1.04335 9.27059 4.45849 1.34462 -8.51725 -0.89295 5.93484 3.62469 9.81635 6.43656 9.50738 -5.8219 -5.21065 5.13734 169.803 9.54232 2.06714 3.72053 -6.18904 -5.73736 
6.58737 4.85381 -0.694502 6.713 3.95792 5.02143 -7.3788 -7.83027 -8.98214 3.06866 1.12628 -9.71145 -2.47275 -7.529 -8.2288 6.6342 8.40574 5.3958 6.45065 4.8424 4.90328 -9.37115 9.63164 0.0407173 4.7516 9.17406 -7.89205 -1.52777 -7.01487 -201.475 -3.47502 9.5724 -8.7756 5.83038 
5.18222 0.851911 8.9066 7.35185 1.86967 1.97536 -1.52178 2.15812 9.50251 0.949119 3.92923 6.13681 -0.645044 -0.674874 2.58756 -5.80255 -5.77149 3.21631 -6.17081 4.26913 -2.03199 -6.99664 6.37698 6.44014 -4.01162 -7.25243 -7.03477 -4.43912 -6.02814 8.79551 -165.787 9.15398 -0.352483 -9.24683 
-8.48271 2.72843 -5.01575 3.67531 2.23104 5.93327 -2.39536 -1.63204 -4.71167 6.92967 -9.04438 -0.514318 -8.84172 4.17183 3.31478 5.4273 -7.86005 6.31803 1.80438 8.57999 -7.69348 4.55185 -8.45468 -2.1327 8.52361 -9.65908 -0.286323 7.6777 -0.0116599 0.466751 4.18373 170.732 -6.80472 9.16788 
5.42623 5.10125 2.78548 -6.20571 -9.61032 -0.284747 -5.25019 -0.124736 0.87343 8.92154 -6.80986 -3.69917 -8.93841 9.50808 8.10511 9.64148 -8.18531 2.65706 -8.8131 -0.318104 1.18077 -8.47228 9.39547 -1.14143 1.51596 -0.137677 -6.9576 -6.97841 3.05751 -7.78962 -1.79757 -1.51617 177.523 -9.01198 
7.70111 0.70317 7.02773 -2.42353 -8.4233 5.94937 0.766514 -2.12257 7.01086 0.274689 -4.01735 6.65244 2.08928 8.63961 7.83923 -8.22872 -0.179519 9.36685 -8.83315 8.67895 0.882911 1.02907 -8.27855 3.9044 -5.91332 -6.06828 -7.89307 2.57042 -8.75665 -6.90515 -5.15146 8.94436 3.79792 -185.147 
842.614 -1811.8 1240.65 -1266.24 -1130.71 -631.608 425.461 182.565 2189.4 -247.18 -254.214 -1358.78 -1197.92 -196.792 1523.83 -1037.26 -1518.16 -462.501 1393.73 568.848 1193.28 -1205.92 -762.398 -63.673 1651.83 -1259.79 800.002 915.789 546.197 -1047.52 265.656 -994.11 881.316 505.338 
5 7 7 -6 4 -2 0 1 9 -2 0 -8 7 -1 -7 6 9 3 8 3 7 -7 5 0 -6 8 5 -7 2 7 -1 -2 4 -3 